SS-2 Graph Vertices - Updated 
#    OLD      NEW    
  1 42  1 
  2 46  2 
  3 50  3 
  4 51  4 
  5 52  5 
  6 53  6 
  7 40  7 
  8 41  8 
  9 38  9 
 10 39 10 
 11 36 11 
 12 37 12 
 13 31 13 
 14 34 14 
 15 35 15 
 16 30 16 
 17 32 17 
 18 33 18 
 19 25 19 
 20 28 20 
 21 29 21 
 22 24 22 
 23 26 23 
 24 27 24 
 25 19 25 
 26 22 26 
 27 23 27 
 28 18 28 
 29 20 29 
 30 21 30 
 31 13 31 
 32 16 32 
 33 17 33 
 34 12 34 
 35 14 35 
 36 15 36 
 37 11 37 
 38 10 38 
 39  8 39 
 40  7 40 
 41  6 41 
 42  3 42 
 43  5 43 
 44  2 44 
 45  4 45 
 46  1 46 
