SS-2 Floorplan Coordinates - Images 
ID   C1       C2       C3       C4       DIM      
Gym  (53, 0)  (53, 34.1) (71.7, 34.1) (71.7, 0) (18.7, 34.1)
H1   (67.96, 34.1) (67.96, 47.85) (71.7, 47.85) (71.7, 34.1) (3.74, 13.75)
A    (61.55, 35.42) (61.55, 38.72) (67.96, 38.72) (67.96, 35.42) (6.41, 3.3)
B    (61.55, 39.38) (61.55, 42.68) (67.96, 42.68) (67.96, 39.38) (6.41, 3.3)
C    (61.55, 43.34) (61.55, 46.64) (67.96, 46.64) (67.96, 43.34) (6.41, 3.3)
D    (61.25, 52.14) (61.25, 58.19) (71.7, 58.19) (71.7, 52.14) (10.45, 6.05)
E    (49.26, 52.14) (49.26, 58.19) (59.71, 58.19) (59.71, 52.14) (10.45, 6.05)
F    (37.27, 52.14) (37.27, 58.19) (47.72, 58.19) (47.72, 52.14) (10.45, 6.05)
G    (25.28, 52.14) (25.28, 58.19) (35.73, 58.19) (35.73, 52.14) (10.45, 6.05)
Cafe (-6.95, 31.8) (-6.95, 55.0) (5.7, 55.0) (5.7, 31.8) (12.65, 23.2)
H2   (16.7, 47.85) (16.7, 52.14) (71.7, 52.14) (71.7, 47.85) (55.0, 4.29)
H3   (5.7, 47.85) (5.7, 56.98) (16.7, 56.98) (16.7, 47.85) (11.0, 9.13)
