SS-2 Gazebo Floorplan Coordinates 
ID   C1       C2       C3       C4       
Gym  (53, 0)  (53, 31) (70, 31) (70, 0)  
H1   (66.6, 31) (66.6, 43.5) (70.0, 43.5) (70.0, 31) 
A    (60.77, 32.2) (60.77, 35.2) (66.6, 35.2) (66.6, 32.2) 
B    (60.77, 35.8) (60.77, 38.8) (66.6, 38.8) (66.6, 35.8) 
C    (60.77, 39.4) (60.77, 42.4) (66.6, 42.4) (66.6, 39.4) 
D    (60.6, 47.4) (60.6, 52.9) (68.5, 52.9) (68.5, 47.4) 
E    (51.3, 47.4) (51.3, 52.9) (59.2, 52.9) (59.2, 47.4) 
F    (42.0, 47.4) (42.0, 52.9) (49.9, 52.9) (49.9, 47.4) 
G    (32.7, 47.4) (32.7, 52.9) (40.6, 52.9) (40.6, 47.4) 
Cafe (0.0, 33.0) (0.0, 50.0) (10.0, 50.0) (10.0, 33.0) 
H2   (20.0, 43.5) (20.0, 47.4) (70.0, 47.4) (70.0, 43.5) 
H3   (10.0, 43.5) (10.0, 51.8) (20.0, 51.8) (20.0, 43.5) 
