Belief vertices: [2, 6, 7, 40, 34, 8, 10, 14, 20, 26, 32, 46, 41]
Belief vertices: [2, 4, 11, 40, 37, 12, 10, 18, 24, 30, 36, 41, 43]
Belief vertices: [5, 4, 9, 16, 22, 10, 8, 18, 24, 30, 36, 46, 44]
Belief vertices: [2, 6, 7, 39, 34, 8, 10, 14, 20, 26, 32, 41, 42]
Belief vertices: [4, 6, 7, 31, 19, 8, 10, 14, 20, 26, 32, 43, 46]
Belief vertices: [6, 5, 11, 31, 38, 12, 8, 18, 24, 30, 36, 46, 41]
Belief vertices: [6, 5, 7, 28, 40, 8, 10, 14, 20, 26, 32, 46, 45]
Belief vertices: [3, 5, 9, 28, 16, 10, 8, 15, 21, 27, 33, 42, 44]
Belief vertices: [5, 6, 11, 16, 40, 12, 8, 14, 20, 26, 32, 44, 43]
Belief vertices: [2, 6, 7, 28, 22, 8, 10, 14, 20, 26, 32, 46, 42]
Belief vertices: [5, 6, 9, 31, 34, 10, 8, 18, 24, 30, 36, 46, 41]
Belief vertices: [2, 6, 7, 28, 13, 8, 12, 14, 20, 26, 32, 41, 45]
Belief vertices: [4, 5, 7, 37, 38, 8, 12, 14, 20, 26, 32, 43, 44]
Belief vertices: [6, 5, 11, 13, 38, 12, 8, 18, 24, 30, 36, 44, 46]
Belief vertices: [6, 5, 9, 28, 39, 10, 8, 18, 24, 30, 36, 44, 46]
Belief vertices: [3, 4, 11, 28, 38, 12, 10, 17, 23, 29, 35, 42, 43]
Belief vertices: [3, 4, 11, 28, 16, 12, 10, 15, 21, 27, 33, 42, 43]
Belief vertices: [2, 3, 7, 28, 13, 8, 10, 14, 20, 26, 32, 41, 45]
Belief vertices: [5, 2, 9, 37, 40, 10, 8, 15, 21, 27, 33, 44, 46]
Belief vertices: [2, 4, 11, 28, 19, 12, 10, 18, 24, 30, 36, 43, 41]
Belief vertices: [5, 6, 11, 28, 37, 12, 8, 17, 23, 29, 35, 45, 46]
Belief vertices: [3, 2, 7, 39, 16, 8, 12, 18, 24, 30, 36, 42, 41]
Belief vertices: [4, 6, 11, 28, 31, 12, 8, 18, 24, 30, 36, 43, 44]
Belief vertices: [2, 5, 11, 34, 31, 12, 10, 17, 23, 29, 35, 42, 41]
Belief vertices: [4, 5, 9, 38, 16, 10, 12, 17, 23, 29, 35, 44, 43]
Belief vertices: [6, 5, 11, 28, 40, 12, 8, 18, 24, 30, 36, 45, 44]
Belief vertices: [4, 6, 11, 31, 34, 12, 10, 18, 24, 30, 36, 44, 46]
Belief vertices: [4, 2, 9, 34, 16, 10, 8, 14, 20, 26, 32, 45, 43]
Belief vertices: [2, 6, 7, 39, 19, 8, 12, 14, 20, 26, 32, 41, 45]
Belief vertices: [2, 4, 7, 22, 34, 8, 12, 17, 23, 29, 35, 41, 43]
Belief vertices: [6, 4, 11, 31, 25, 12, 8, 17, 23, 29, 35, 45, 46]
Belief vertices: [4, 2, 7, 13, 22, 8, 12, 14, 20, 26, 32, 43, 41]
